250	0.050973	
251	0.0477886	
252	0.047281	
253	0.0450202	
254	0.0460142	
255	0.0456658	
256	0.0473228	
257	0.0475393	
258	0.0473106	
259	0.0489653	
260	0.0499066	
261	0.0489614	
262	0.0504078	
263	0.0510407	
264	0.051226	
265	0.0521447	
266	0.0531384	
267	0.0532583	
268	0.0547728	
269	0.0567991	
270	0.0576685	
271	0.058818	
272	0.0599905	
273	0.0590982	
274	0.0600243	
275	0.0597737	
276	0.0622019	
277	0.0633031	
278	0.0644869	
279	0.0653075	
280	0.0684412	
281	0.0707978	
282	0.0750028	
283	0.0825138	
284	0.0919482	
285	0.109958	
286	0.143573	
287	0.201305	
288	0.320483	
289	0.576858	
290	1.08592	
291	2.21721	
292	4.40164	
293	7.70716	
294	12.5065	
295	18.3897	
296	24.1237	
297	29.9272	
298	34.9573	
299	38.5267	
300	40.7337	
301	40.8941	
302	38.6489	
303	33.7171	
304	26.8355	
305	19.4801	
306	12.6118	
307	7.31337	
308	4.09212	
309	2.16769	
310	1.19972	
311	0.717869	
312	0.452028	
313	0.300955	
314	0.209414	
315	0.157166	
316	0.118726	
317	0.0913513	
318	0.073712	
319	0.060954	
320	0.0513304	
321	0.0443851	
322	0.0375856	
323	0.0323405	
324	0.0275796	
325	0.0238826	
326	0.0206104	
327	0.0177622	
328	0.0155404	
329	0.0135093	
330	0.0118508	
331	0.010619	
332	0.00949734	
333	0.00874921	
334	0.00781353	
335	0.00745248	
336	0.00688226	
337	0.00640747	
338	0.00610757	
339	0.00571567	
340	0.00555099	
341	0.00513268	
342	0.00493935	
343	0.00489534	
344	0.0043996	
345	0.00429314	
346	0.00441477	
347	0.00419039	
348	0.00423245	
349	0.0041233	
350	0.00434948	
351	0.0044286	
352	0.00453107	
353	0.0045152	
354	0.0045788	
355	0.0045516	
356	0.00452015	
357	0.00421616	
358	0.00414912	
359	0.00400857	
360	0.00366136	
361	0.00327585	
362	0.00314279	
363	0.00276429	
364	0.00254277	
365	0.00216566	
366	0.00178038	
367	0.00159795	
368	0.0015884	
369	0.00144036	
370	0.0011918	
371	0.00118291	
372	0.000975555	
373	0.000702982	
374	0.000674389	
375	0.000364021	
376	0.000300236	
377	0.000350943	
378	0.000307936	
379	0.000261778	
380	0.000131325	
381	-0.000112335	
382	-6.64447e-05	
383	-0.000285033	
384	-9.23613e-05	
385	-0.000167035	
386	-0.000247078	
387	-0.000234154	
388	-0.000586941	
389	-0.000290826	
390	-0.00048694	
391	-0.000319779	
392	-0.00049939	
393	-0.000398148	
394	-0.000517711	
395	-0.000445419	
396	-0.000673433	
397	-0.000622102	
398	-0.000771084	
399	-0.00079895	
400	-0.000861879	
401	-0.000965812	
402	-0.00103425	
403	-0.000937881	
404	-0.00114651	
405	-0.00117584	
406	-0.00118103	
407	-0.00117529	
408	-0.00127436	
409	-0.00131672	
410	-0.00142167	
411	-0.00123539	
412	-0.0013579	
413	-0.0012222	
414	-0.00138072	
415	-0.00128439	
416	-0.00148552	
417	-0.0014011	
418	-0.00139993	
419	-0.00145359	
420	-0.0014482	
421	-0.00139368	
422	-0.00135542	
423	-0.00147074	
424	-0.00146543	
425	-0.00143325	
426	-0.00152504	
427	-0.00149656	
428	-0.00145416	
429	-0.00144072	
430	-0.00161576	
431	-0.00164229	
432	-0.00158407	
433	-0.00176937	
434	-0.00176014	
435	-0.00178136	
436	-0.00165571	
437	-0.0017094	
438	-0.00170228	
439	-0.00164493	
440	-0.004693	
441	-0.00457304	
442	-0.00476492	
443	-0.00481613	
444	-0.0048383	
445	-0.00473382	
446	-0.00479167	
447	-0.00470746	
448	-0.00458624	
449	-0.00437719	
450	-0.00420219	
451	-0.00423877	
452	-0.00432818	
453	-0.00412675	
454	-0.00428596	
455	-0.00414144	
456	-0.00405752	
457	-0.00406689	
458	-0.00401748	
459	-0.00391924	
460	-0.00384741	
461	-0.00363006	
462	-0.00357676	
463	-0.00354325	
464	-0.00337541	
465	-0.00336747	
466	-0.00319559	
467	-0.00305969	
468	-0.00302163	
469	-0.00301739	
470	-0.00303281	
471	-0.00303507	
472	-0.00309778	
473	-0.00323397	
474	-0.00337623	
475	-0.00344648	
476	-0.00352053	
477	-0.00370316	
478	-0.00378987	
479	-0.00386977	
480	-0.00379973	
481	-0.00387871	
482	-0.00384026	
483	-0.00387821	
484	-0.00389491	
485	-0.00396971	
486	-0.00398296	
487	-0.00413652	
488	-0.00429433	
489	-0.00428464	
490	-0.00438923	
491	-0.0044457	
492	-0.00416291	
493	-0.00417776	
494	-0.00407063	
495	-0.00426321	
496	-0.00431756	
497	-0.00432581	
498	-0.00441199	
499	-0.00437004	
500	-0.00439054	
501	-0.00458938	
502	-0.00462359	
503	-0.0045705	
504	-0.00474719	
505	-0.00478889	
506	-0.00491138	
507	-0.00469392	
508	-0.00472064	
509	-0.00470159	
510	-0.00464813	
511	-0.0047176	
512	-0.00465142	
513	-0.00464766	
514	-0.00464286	
515	-0.00483613	
516	-0.00481845	
517	-0.00480202	
518	-0.00479737	
519	-0.00460982	
520	-0.00470659	
521	-0.00478993	
522	-0.00483604	
523	-0.00488077	
524	-0.00484637	
525	-0.00499169	
526	-0.00489257	
527	-0.00475963	
528	-0.00471364	
529	-0.00471629	
530	-0.00480953	
531	-0.00487311	
532	-0.00487113	
533	-0.00491007	
534	-0.00505081	
535	-0.00495718	
536	-0.00499817	
537	-0.0051378	
538	-0.00500156	
539	-0.00508821	
540	-0.00518524	
541	-0.0050318	
542	-0.00512184	
543	-0.00501423	
544	-0.00510246	
545	-0.00492042	
546	-0.00501505	
547	-0.0054011	
548	-0.00519852	
549	-0.00528415	
550	-0.00530744	
551	-0.00527562	
552	-0.00512706	
553	-0.00529555	
554	-0.00534705	
555	-0.00535188	
556	-0.00532714	
557	-0.00518582	
558	-0.00546454	
559	-0.00561568	
560	-0.00560257	
561	-0.00538984	
562	-0.0055015	
563	-0.00570037	
564	-0.00576142	
565	-0.0056102	
566	-0.00577984	
567	-0.00577211	
568	-0.00577972	
569	-0.00582542	
570	-0.00565662	
571	-0.00545945	
572	-0.00555388	
573	-0.00550987	
574	-0.00575011	
575	-0.00556439	
576	-0.00560724	
577	-0.00582726	
578	-0.00569438	
579	-0.00581981	
580	-0.0058715	
581	-0.00604893	
582	-0.00602504	
583	-0.00617138	
584	-0.00578306	
585	-0.00580598	
586	-0.00571351	
587	-0.00582369	
588	-0.00606749	
589	-0.00577555	
590	-0.0060304	
591	-0.00602524	
592	-0.00601384	
593	-0.00603092	
594	-0.00622241	
595	-0.00622974	
596	-0.00634034	
597	-0.00646716	
598	-0.00625442	
599	-0.00623894	
600	-0.00629173	
601	-0.00607121	
602	-0.00631406	
603	-0.00635541	
604	-0.00620313	
605	-0.00640097	
606	-0.00644235	
607	-0.0065886	
608	-0.00637766	
609	-0.00641566	
610	-0.00645387	
611	-0.0063755	
612	-0.00634129	
613	-0.00645369	
614	-0.00649569	
615	-0.0063118	
616	-0.00619725	
617	-0.00627435	
618	-0.00626101	
619	-0.00646863	
620	-0.00643577	
621	-0.00655084	
622	-0.00648641	
623	-0.00636739	
624	-0.00644065	
625	-0.0065435	
626	-0.00644253	
627	-0.0064635	
628	-0.0066926	
629	-0.00643035	
630	-0.00689714	
631	-0.00696107	
632	-0.0066603	
633	-0.00688695	
634	-0.00700302	
635	-0.00674528	
636	-0.00693164	
637	-0.00711282	
638	-0.00697606	
639	-0.00708348	
640	-0.00710617	
641	-0.00693907	
642	-0.00696207	
643	-0.00716872	
644	-0.00685447	
645	-0.00712072	
646	-0.0071779	
647	-0.00693683	
648	-0.00699723	
649	-0.00690031	
650	-0.00715058	
651	-0.00714149	
652	-0.00732923	
653	-0.00708438	
654	-0.00729277	
655	-0.00754988	
656	-0.00803319	
657	-0.0076998	
658	-0.0080156	
659	-0.0080806	
660	-0.00808789	
661	-0.00800278	
662	-0.00794107	
663	-0.00811402	
664	-0.00803094	
665	-0.00805094	
666	-0.00802326	
667	-0.0080569	
668	-0.00821865	
669	-0.00827741	
670	-0.00820566	
671	-0.00842091	
672	-0.00837213	
673	-0.00821184	
674	-0.00795257	
675	-0.00827548	
676	-0.00839552	
677	-0.00805915	
678	-0.00821966	
679	-0.00812237	
680	-0.00800465	
681	-0.00822452	
682	-0.00817999	
683	-0.00817	
684	-0.00777176	
685	-0.00785403	
686	-0.00796639	
687	-0.00786233	
688	-0.00810646	
689	-0.00826616	
690	-0.00837473	
691	-0.00885044	
692	-0.00849997	
693	-0.00864463	
694	-0.00858583	
695	-0.0090765	
696	-0.00900154	
697	-0.00924955	
698	-0.00917956	
699	-0.00927662	
700	-0.00937968	
701	-0.00873727	
702	-0.00871696	
703	-0.0091577	
704	-0.00887758	
705	-0.00869596	
706	-0.00840467	
707	-0.00810431	
708	-0.00784899	
709	-0.00755761	
710	-0.00738796	
711	-0.0071969	
712	-0.0066588	
713	-0.00677204	
714	-0.0065859	
715	-0.0064272	
716	-0.00621098	
717	-0.00606639	
718	-0.00597924	
719	-0.00607475	
720	-0.00589715	
721	-0.00623371	
722	-0.00660725	
723	-0.00639729	
724	-0.00652947	
725	-0.00680488	
726	-0.00649251	
727	-0.00656582	
728	-0.00663893	
729	-0.00674038	
730	-0.00644782	
731	-0.00640703	
732	-0.00610675	
733	-0.00603829	
734	-0.00608956	
735	-0.00590308	
736	-0.00605796	
737	-0.00642975	
738	-0.00688877	
739	-0.00669906	
740	-0.00706521	
741	-0.00732065	
742	-0.00739187	
743	-0.00775073	
744	-0.00753392	
745	-0.00757729	
746	-0.00784502	
747	-0.0077056	
748	-0.00816804	
749	-0.00816047	
750	-0.00823435	
751	-0.00869562	
752	-0.00865246	
753	-0.00856333	
754	-0.00873171	
755	-0.00886215	
756	-0.00886595	
757	-0.00934721	
758	-0.00987558	
759	-0.00935501	
760	-0.00941497	
761	-0.00879184	
762	-0.00808698	
763	-0.00760975	
764	-0.00703487	
765	-0.00692437	
766	-0.00697359	
767	-0.00726536	
768	-0.00815608	
769	-0.00966754	
770	-0.0102536	
771	-0.0114165	
772	-0.0109723	
773	-0.0111143	
774	-0.0114321	
775	-0.0126675	
776	-0.0130168	
777	-0.0127412	
778	-0.0134496	
779	-0.0138646	
780	-0.0137288	
781	-0.0140773	
782	-0.0141547	
783	-0.0148312	
784	-0.0147335	
785	-0.0141555	
786	-0.0145797	
787	-0.0136703	
788	-0.0130819	
789	-0.0133962	
790	-0.0132816	
791	-0.0125359	
792	-0.0130461	
793	-0.0132145	
794	-0.0137248	
795	-0.0137367	
796	-0.0137934	
797	-0.0135199	
798	-0.0145368	
799	-0.0144441	
800	-0.0146248	
801	-0.0143142	
802	-0.0147464	
803	-0.0147767	
804	-0.0150159	
805	-0.0154353	
806	-0.0151309	
807	-0.0153529	
808	-0.0159228	
809	-0.0157746	
810	-0.0152947	
811	-0.0150717	
812	-0.0143226	
813	-0.0153802	
814	-0.0152465	
815	-0.0145475	
816	-0.0136013	
817	-0.0128991	
818	-0.0113706	
819	-0.0098897	
820	-0.0070915	
821	-0.00475448	
822	-0.00305924	
823	-0.00222563	
824	-0.00179613	
825	-0.00171938	
826	-0.00180261	
827	-0.00204126	
828	-0.00249428	
829	-0.00303915	
830	-0.00376243	
831	-0.00443604	
832	-0.00533258	
833	-0.00589202	
834	-0.00613964	
835	-0.00613756	
836	-0.00621441	
837	-0.00674328	
838	-0.00775184	
839	-0.00916075	
840	-0.0101797	
841	-0.0102952	
842	-0.0105533	
843	-0.0113757	
844	-0.0131595	
845	-0.0151311	
846	-0.0171119	
847	-0.0196945	
848	-0.0218842	
849	-0.0228064	
850	-0.0244969	
851	-0.0258595	
852	-0.0251382	
853	-0.0268352	
854	-0.0278783	
855	-0.027296	
856	-0.0280871	
857	-0.0288054	
858	-0.0275219	
859	-0.0268169	
860	-0.0267103	
861	-0.0259687	
862	-0.0255922	
863	-0.0249603	
864	-0.0240647	
865	-0.0234436	
866	-0.0217826	
867	-0.0207715	
868	-0.0186976	
869	-0.0192192	
870	-0.0186697	
871	-0.0178806	
872	-0.0164461	
873	-0.0153944	
874	-0.0141806	
875	-0.0130342	
876	-0.0113952	
877	-0.0096297	
878	-0.00694317	
879	-0.00501476	
880	-0.00395747	
881	-0.00313882	
882	-0.00274544	
883	-0.00264529	
884	-0.00272843	
885	-0.00303383	
886	-0.00386095	
887	-0.00477502	
888	-0.00582119	
889	-0.00714877	
890	-0.00839876	
891	-0.00815971	
892	-0.00816111	
893	-0.00759254	
894	-0.00675279	
895	-0.0065316	
896	-0.00636741	
897	-0.00667562	
898	-0.00687013	
899	-0.00753142	
900	-0.00859797	
901	-0.0089893	
902	-0.00856298	
903	-0.0074443	
904	-0.00652629	
905	-0.00596931	
906	-0.00604621	
907	-0.00636374	
908	-0.00737156	
909	-0.00881625	
910	-0.0108525	
911	-0.0117134	
912	-0.011601	
913	-0.010597	
914	-0.00836377	
915	-0.00673239	
916	-0.00577792	
917	-0.00536651	
918	-0.00503724	
919	-0.00512822	
920	-0.00608751	
921	-0.00760652	
922	-0.00883586	
923	-0.0104282	
924	-0.0124006	
925	-0.0146414	
926	-0.0164602	
927	-0.01792	
928	-0.0192048	
929	-0.021722	
930	-0.0233403	
931	-0.0236702	
932	-0.0229348	
933	-0.0234168	
934	-0.0236302	
935	-0.0221122	
936	-0.0210781	
937	-0.0189976	
938	-0.0185326	
939	-0.0172993	
940	-0.0155588	
941	-0.0157406	
942	-0.0154012	
943	-0.0153442	
944	-0.0144933	
945	-0.0161003	
946	-0.015502	
947	-0.0159401	
948	-0.0158512	
949	-0.0152219	
950	-0.0154149	
951	-0.0155378	
952	-0.0161976	
953	-0.0153991	
954	-0.0173196	
955	-0.0176235	
956	-0.020751	
957	-0.0228259	
958	-0.0255229	
959	-0.028177	
960	-0.0325915	
961	-0.0331815	
962	-0.0365576	
963	-0.036107	
964	-0.0369768	
965	-0.0371809	
966	-0.035735	
967	-0.0357128	
968	-0.0333868	
969	-0.032434	
970	-0.0295189	
971	-0.0292182	
972	-0.027067	
973	-0.0253951	
974	-0.0222166	
975	-0.0177867	
976	-0.0139021	
977	-0.0111689	
978	-0.00941927	
979	-0.00782583	
980	-0.00674731	
981	-0.0069697	
982	-0.00760256	
983	-0.00971271	
984	-0.0138107	
985	-0.017339	
986	-0.0210658	
987	-0.0218608	
988	-0.0195139	
989	-0.0155627	
990	-0.0118697	
991	-0.00982566	
992	-0.00718688	
993	-0.00677484	
994	-0.00690075	
995	-0.00810592	
996	-0.011018	
997	-0.013978	
998	-0.0201467	
999	-0.02673	
1000	-0.0355604	

