Data Name	banpass 330nm_AbsTSpec		
Trace Name	banpass 330nm 250-1000 %Transmittance	banpass 330nm 250-1000 %Transmittance	
Wavelength Range	250-1000	250-1000	
Axis	X	Y	
Label	Wavelength [nm]	Transmittance [%]	
Sample Position			
Temperature (Celsius)			
File Timestamp	04/08/2022 14:32:19	04/08/2022 14:32:19	
Polarizer positions (Ex,Em)	( Open, Open)	( Open, Open)	
Rayleigh Masking			
Excitation wavelength (nm)	1000	1000	
Kinetic time (sec)			
0	250	0.0720439	
1	251	0.0696637	
2	252	0.0665959	
3	253	0.0652689	
4	254	0.0606086	
5	255	0.0592312	
6	256	0.0554247	
7	257	0.0545971	
8	258	0.0518794	
9	259	0.0532565	
10	260	0.0502986	
11	261	0.0491377	
12	262	0.0484958	
13	263	0.0483676	
14	264	0.0470085	
15	265	0.0472356	
16	266	0.0465829	
17	267	0.0457113	
18	268	0.0452173	
19	269	0.0456406	
20	270	0.0438337	
21	271	0.0442058	
22	272	0.0439452	
23	273	0.044114	
24	274	0.0425094	
25	275	0.0410661	
26	276	0.0418485	
27	277	0.0409233	
28	278	0.0408206	
29	279	0.0414039	
30	280	0.0398879	
31	281	0.0398736	
32	282	0.039461	
33	283	0.0381349	
34	284	0.0387986	
35	285	0.0390465	
36	286	0.0398133	
37	287	0.0403621	
38	288	0.0409315	
39	289	0.0417799	
40	290	0.0423783	
41	291	0.0427873	
42	292	0.0434753	
43	293	0.0444512	
44	294	0.0458385	
45	295	0.0466916	
46	296	0.0476729	
47	297	0.0488885	
48	298	0.0496319	
49	299	0.0507074	
50	300	0.051693	
51	301	0.0529665	
52	302	0.0541897	
53	303	0.0562545	
54	304	0.0584629	
55	305	0.0605535	
56	306	0.0636431	
57	307	0.0677544	
58	308	0.0720282	
59	309	0.0780323	
60	310	0.0865125	
61	311	0.0974577	
62	312	0.113933	
63	313	0.138199	
64	314	0.175554	
65	315	0.225702	
66	316	0.316237	
67	317	0.486194	
68	318	0.804981	
69	319	1.46808	
70	320	2.91428	
71	321	5.74626	
72	322	11.748	
73	323	21.1709	
74	324	33.4202	
75	325	44.6715	
76	326	55.489	
77	327	63.114	
78	328	67.1596	
79	329	68.6165	
80	330	67.6998	
81	331	64.5971	
82	332	59.5486	
83	333	51.3192	
84	334	40.9028	
85	335	29.5889	
86	336	19.9808	
87	337	12.3704	
88	338	7.36826	
89	339	4.32992	
90	340	2.70127	
91	341	1.65209	
92	342	1.07191	
93	343	0.735574	
94	344	0.535657	
95	345	0.385756	
96	346	0.282003	
97	347	0.208941	
98	348	0.158251	
99	349	0.11758	
100	350	0.0887644	
101	351	0.0683602	
102	352	0.0553047	
103	353	0.0455668	
104	354	0.0384128	
105	355	0.0331815	
106	356	0.0295572	
107	357	0.0270955	
108	358	0.0246789	
109	359	0.0228878	
110	360	0.0213055	
111	361	0.0199326	
112	362	0.0185345	
113	363	0.0175142	
114	364	0.0164874	
115	365	0.0157971	
116	366	0.0149978	
117	367	0.0143389	
118	368	0.013652	
119	369	0.0129639	
120	370	0.0123127	
121	371	0.0119517	
122	372	0.0114409	
123	373	0.0109229	
124	374	0.0104313	
125	375	0.00996453	
126	376	0.00953598	
127	377	0.00920156	
128	378	0.00881673	
129	379	0.00836851	
130	380	0.00816788	
131	381	0.0075699	
132	382	0.00718633	
133	383	0.00680325	
134	384	0.00645816	
135	385	0.00607426	
136	386	0.0059756	
137	387	0.00561618	
138	388	0.00525508	
139	389	0.00509502	
140	390	0.00475318	
141	391	0.0045397	
142	392	0.00420117	
143	393	0.00426108	
144	394	0.0039275	
145	395	0.00391414	
146	396	0.0034303	
147	397	0.00324313	
148	398	0.00327924	
149	399	0.00301843	
150	400	0.00294682	
151	401	0.00267973	
152	402	0.00248577	
153	403	0.00220955	
154	404	0.00207651	
155	405	0.00194505	
156	406	0.00182944	
157	407	0.00165902	
158	408	0.00137225	
159	409	0.0013117	
160	410	0.00116653	
161	411	0.00101639	
162	412	0.00079058	
163	413	0.000835875	
164	414	0.000657303	
165	415	0.000646094	
166	416	0.000439539	
167	417	0.000329388	
168	418	0.000231623	
169	419	0.000285951	
170	420	0.000287665	
171	421	0.000108857	
172	422	-9.93141e-05	
173	423	-0.000165633	
174	424	-0.000232242	
175	425	-0.000369384	
176	426	-0.00039035	
177	427	-0.000550136	
178	428	-0.000658617	
179	429	-0.000625802	
180	430	-0.000748425	
181	431	-0.000875209	
182	432	-0.000956789	
183	433	-0.00102822	
184	434	-0.00105323	
185	435	-0.0012146	
186	436	-0.00134321	
187	437	-0.00137093	
188	438	-0.00136993	
189	439	-0.00147026	
190	440	-0.00907874	
191	441	-0.00914026	
192	442	-0.00908714	
193	443	-0.0093197	
194	444	-0.0090918	
195	445	-0.00919733	
196	446	-0.00911928	
197	447	-0.009019	
198	448	-0.00904039	
199	449	-0.00888574	
200	450	-0.00836538	
201	451	-0.00811594	
202	452	-0.00822908	
203	453	-0.00808488	
204	454	-0.00805816	
205	455	-0.008219	
206	456	-0.00811014	
207	457	-0.00800543	
208	458	-0.00785935	
209	459	-0.00769981	
210	460	-0.00752745	
211	461	-0.00736723	
212	462	-0.00717186	
213	463	-0.00705729	
214	464	-0.00689407	
215	465	-0.00672765	
216	466	-0.00658555	
217	467	-0.00648145	
218	468	-0.00627508	
219	469	-0.00617709	
220	470	-0.00616776	
221	471	-0.0062414	
222	472	-0.00652723	
223	473	-0.0066314	
224	474	-0.0067601	
225	475	-0.00706281	
226	476	-0.00730423	
227	477	-0.00779723	
228	478	-0.00803254	
229	479	-0.00794309	
230	480	-0.00782642	
231	481	-0.00785117	
232	482	-0.00777049	
233	483	-0.00784402	
234	484	-0.0078142	
235	485	-0.00805053	
236	486	-0.00837254	
237	487	-0.00844263	
238	488	-0.00871351	
239	489	-0.00859138	
240	490	-0.008606	
241	491	-0.00853908	
242	492	-0.00844603	
243	493	-0.00830875	
244	494	-0.00854496	
245	495	-0.00873802	
246	496	-0.0088365	
247	497	-0.00916064	
248	498	-0.00933733	
249	499	-0.00952741	
250	500	-0.00954343	
251	501	-0.00949469	
252	502	-0.00962132	
253	503	-0.00953451	
254	504	-0.00966629	
255	505	-0.0095894	
256	506	-0.00965774	
257	507	-0.00969897	
258	508	-0.00986757	
259	509	-0.00996188	
260	510	-0.00997505	
261	511	-0.00999327	
262	512	-0.00990948	
263	513	-0.00988104	
264	514	-0.00999711	
265	515	-0.00991298	
266	516	-0.0100253	
267	517	-0.0100366	
268	518	-0.0100715	
269	519	-0.0101023	
270	520	-0.00991159	
271	521	-0.00998013	
272	522	-0.0100238	
273	523	-0.0101938	
274	524	-0.010107	
275	525	-0.0101296	
276	526	-0.010141	
277	527	-0.0102082	
278	528	-0.0101202	
279	529	-0.0102517	
280	530	-0.0104977	
281	531	-0.0103569	
282	532	-0.0105333	
283	533	-0.010426	
284	534	-0.0104583	
285	535	-0.0105496	
286	536	-0.0105154	
287	537	-0.0105108	
288	538	-0.0107069	
289	539	-0.0104247	
290	540	-0.0104567	
291	541	-0.0107288	
292	542	-0.0108135	
293	543	-0.0106185	
294	544	-0.0108623	
295	545	-0.0109641	
296	546	-0.0108776	
297	547	-0.0107535	
298	548	-0.0108177	
299	549	-0.0110055	
300	550	-0.010706	
301	551	-0.0108697	
302	552	-0.0109087	
303	553	-0.0110464	
304	554	-0.0108853	
305	555	-0.0109905	
306	556	-0.0111048	
307	557	-0.0112277	
308	558	-0.0111576	
309	559	-0.0111649	
310	560	-0.0112561	
311	561	-0.0112877	
312	562	-0.011153	
313	563	-0.0112254	
314	564	-0.0112935	
315	565	-0.0114587	
316	566	-0.0113026	
317	567	-0.0112291	
318	568	-0.0111907	
319	569	-0.0113414	
320	570	-0.0116881	
321	571	-0.0116007	
322	572	-0.0114702	
323	573	-0.0116668	
324	574	-0.0117421	
325	575	-0.0116918	
326	576	-0.0118083	
327	577	-0.0116689	
328	578	-0.0117192	
329	579	-0.0118886	
330	580	-0.0118014	
331	581	-0.0119269	
332	582	-0.0119656	
333	583	-0.0120352	
334	584	-0.0118759	
335	585	-0.0121255	
336	586	-0.0121872	
337	587	-0.0123109	
338	588	-0.0119523	
339	589	-0.012193	
340	590	-0.0122939	
341	591	-0.0124361	
342	592	-0.0125186	
343	593	-0.0126704	
344	594	-0.0126974	
345	595	-0.0125191	
346	596	-0.0125952	
347	597	-0.0130218	
348	598	-0.0130535	
349	599	-0.0130464	
350	600	-0.0129124	
351	601	-0.0131524	
352	602	-0.013168	
353	603	-0.0130134	
354	604	-0.0133275	
355	605	-0.0132275	
356	606	-0.0132452	
357	607	-0.0132031	
358	608	-0.0133349	
359	609	-0.0135155	
360	610	-0.0132098	
361	611	-0.0133751	
362	612	-0.0133833	
363	613	-0.01314	
364	614	-0.0131966	
365	615	-0.0134648	
366	616	-0.0134798	
367	617	-0.01363	
368	618	-0.0135656	
369	619	-0.0134651	
370	620	-0.0135891	
371	621	-0.0138499	
372	622	-0.0135236	
373	623	-0.0133633	
374	624	-0.0133898	
375	625	-0.0139314	
376	626	-0.0138021	
377	627	-0.013602	
378	628	-0.0140976	
379	629	-0.0138076	
380	630	-0.0142417	
381	631	-0.0141668	
382	632	-0.0138916	
383	633	-0.0139576	
384	634	-0.0140263	
385	635	-0.0142188	
386	636	-0.0144552	
387	637	-0.014245	
388	638	-0.01452	
389	639	-0.0146658	
390	640	-0.0149887	
391	641	-0.0148251	
392	642	-0.0148619	
393	643	-0.0150504	
394	644	-0.0151306	
395	645	-0.0152242	
396	646	-0.0151024	
397	647	-0.0151305	
398	648	-0.0151044	
399	649	-0.0152729	
400	650	-0.0150965	
401	651	-0.0151651	
402	652	-0.015344	
403	653	-0.015446	
404	654	-0.0158433	
405	655	-0.0160917	
406	656	-0.0162756	
407	657	-0.0158969	
408	658	-0.0160241	
409	659	-0.0162273	
410	660	-0.0158894	
411	661	-0.0162143	
412	662	-0.0163119	
413	663	-0.0163114	
414	664	-0.0165056	
415	665	-0.0163725	
416	666	-0.0162192	
417	667	-0.0160389	
418	668	-0.0164169	
419	669	-0.0162587	
420	670	-0.0164153	
421	671	-0.0166686	
422	672	-0.0166088	
423	673	-0.0166601	
424	674	-0.0165252	
425	675	-0.0166401	
426	676	-0.0168033	
427	677	-0.0168504	
428	678	-0.0169847	
429	679	-0.0171761	
430	680	-0.0169629	
431	681	-0.0169075	
432	682	-0.0167089	
433	683	-0.0166397	
434	684	-0.0165308	
435	685	-0.0166883	
436	686	-0.016431	
437	687	-0.0163415	
438	688	-0.0168332	
439	689	-0.0171329	
440	690	-0.0169739	
441	691	-0.0171464	
442	692	-0.0173494	
443	693	-0.0178134	
444	694	-0.0181247	
445	695	-0.0182491	
446	696	-0.0184813	
447	697	-0.0186508	
448	698	-0.0192851	
449	699	-0.0190966	
450	700	-0.0190559	
451	701	-0.0188819	
452	702	-0.0189137	
453	703	-0.0186793	
454	704	-0.0181897	
455	705	-0.0177134	
456	706	-0.0178186	
457	707	-0.0170517	
458	708	-0.0167419	
459	709	-0.0156846	
460	710	-0.0154526	
461	711	-0.0145978	
462	712	-0.0142131	
463	713	-0.0136038	
464	714	-0.0131104	
465	715	-0.0129673	
466	716	-0.0126617	
467	717	-0.0123147	
468	718	-0.0122533	
469	719	-0.0123821	
470	720	-0.0126772	
471	721	-0.0128378	
472	722	-0.0127807	
473	723	-0.0131148	
474	724	-0.0129933	
475	725	-0.0133749	
476	726	-0.0132931	
477	727	-0.013467	
478	728	-0.0133903	
479	729	-0.0134926	
480	730	-0.0129267	
481	731	-0.012863	
482	732	-0.0130277	
483	733	-0.0127098	
484	734	-0.012499	
485	735	-0.0127716	
486	736	-0.0130036	
487	737	-0.0134605	
488	738	-0.0139499	
489	739	-0.0142449	
490	740	-0.0144695	
491	741	-0.015034	
492	742	-0.0149086	
493	743	-0.0153666	
494	744	-0.0153875	
495	745	-0.0158001	
496	746	-0.0159865	
497	747	-0.0162652	
498	748	-0.0165157	
499	749	-0.016944	
500	750	-0.0171722	
501	751	-0.0176938	
502	752	-0.0176782	
503	753	-0.0183451	
504	754	-0.0180927	
505	755	-0.0186536	
506	756	-0.0193081	
507	757	-0.0196319	
508	758	-0.0199233	
509	759	-0.0199692	
510	760	-0.0196751	
511	761	-0.0189258	
512	762	-0.0175159	
513	763	-0.015846	
514	764	-0.0143195	
515	765	-0.0135992	
516	766	-0.0140726	
517	767	-0.0151566	
518	768	-0.0170679	
519	769	-0.019477	
520	770	-0.0215083	
521	771	-0.0226703	
522	772	-0.0235681	
523	773	-0.024113	
524	774	-0.0253777	
525	775	-0.0264171	
526	776	-0.0266037	
527	777	-0.0274842	
528	778	-0.0280251	
529	779	-0.0284236	
530	780	-0.0278832	
531	781	-0.0288743	
532	782	-0.0286754	
533	783	-0.0290709	
534	784	-0.0299845	
535	785	-0.0300648	
536	786	-0.0300321	
537	787	-0.0287075	
538	788	-0.0282006	
539	789	-0.0273325	
540	790	-0.0261407	
541	791	-0.026235	
542	792	-0.0267727	
543	793	-0.0278582	
544	794	-0.0280826	
545	795	-0.0294096	
546	796	-0.0287078	
547	797	-0.0294186	
548	798	-0.0295254	
549	799	-0.0294329	
550	800	-0.0294498	
551	801	-0.0291233	
552	802	-0.0300224	
553	803	-0.0310945	
554	804	-0.0312818	
555	805	-0.0320171	
556	806	-0.0327031	
557	807	-0.0329161	
558	808	-0.033235	
559	809	-0.0332782	
560	810	-0.0329498	
561	811	-0.0322284	
562	812	-0.0323358	
563	813	-0.0321995	
564	814	-0.0311565	
565	815	-0.030543	
566	816	-0.0288097	
567	817	-0.0265121	
568	818	-0.0242579	
569	819	-0.0205723	
570	820	-0.0155015	
571	821	-0.0105915	
572	822	-0.00738817	
573	823	-0.00546686	
574	824	-0.00453938	
575	825	-0.0042476	
576	826	-0.00435579	
577	827	-0.00488525	
578	828	-0.00558372	
579	829	-0.0066447	
580	830	-0.00781486	
581	831	-0.00925381	
582	832	-0.0108198	
583	833	-0.0121656	
584	834	-0.0125826	
585	835	-0.0128113	
586	836	-0.0130016	
587	837	-0.0139476	
588	838	-0.0155076	
589	839	-0.0179219	
590	840	-0.0198911	
591	841	-0.0211625	
592	842	-0.0220632	
593	843	-0.0230734	
594	844	-0.0262728	
595	845	-0.0312096	
596	846	-0.0364434	
597	847	-0.0414958	
598	848	-0.0463204	
599	849	-0.0507094	
600	850	-0.0518618	
601	851	-0.0536807	
602	852	-0.0549961	
603	853	-0.0552078	
604	854	-0.0561981	
605	855	-0.0567965	
606	856	-0.0570941	
607	857	-0.0556217	
608	858	-0.0555783	
609	859	-0.0550165	
610	860	-0.0550182	
611	861	-0.0548613	
612	862	-0.0531511	
613	863	-0.0519131	
614	864	-0.0490987	
615	865	-0.0490623	
616	866	-0.0457801	
617	867	-0.0448601	
618	868	-0.0420411	
619	869	-0.0394512	
620	870	-0.0377962	
621	871	-0.0362201	
622	872	-0.0337726	
623	873	-0.0318964	
624	874	-0.0300618	
625	875	-0.027058	
626	876	-0.0235295	
627	877	-0.0194035	
628	878	-0.0148037	
629	879	-0.0108222	
630	880	-0.00806591	
631	881	-0.00651762	
632	882	-0.00568299	
633	883	-0.00539723	
634	884	-0.00562302	
635	885	-0.00625403	
636	886	-0.00757785	
637	887	-0.009439	
638	888	-0.0116874	
639	889	-0.0146204	
640	890	-0.0164691	
641	891	-0.0172069	
642	892	-0.016462	
643	893	-0.0154156	
644	894	-0.0137653	
645	895	-0.0127685	
646	896	-0.0122162	
647	897	-0.0125498	
648	898	-0.0137682	
649	899	-0.0153518	
650	900	-0.0168626	
651	901	-0.0176998	
652	902	-0.0171143	
653	903	-0.0155011	
654	904	-0.0135093	
655	905	-0.0125651	
656	906	-0.0122826	
657	907	-0.0129167	
658	908	-0.0145264	
659	909	-0.0173502	
660	910	-0.0212802	
661	911	-0.0239861	
662	912	-0.0230453	
663	913	-0.0210125	
664	914	-0.0172633	
665	915	-0.014167	
666	916	-0.0122004	
667	917	-0.0110377	
668	918	-0.0109069	
669	919	-0.0116109	
670	920	-0.0130147	
671	921	-0.0153078	
672	922	-0.0188705	
673	923	-0.0228826	
674	924	-0.0262725	
675	925	-0.0302129	
676	926	-0.033541	
677	927	-0.0374404	
678	928	-0.0411797	
679	929	-0.043386	
680	930	-0.0468129	
681	931	-0.0482206	
682	932	-0.0493267	
683	933	-0.0493456	
684	934	-0.0480684	
685	935	-0.0472727	
686	936	-0.0430811	
687	937	-0.0410401	
688	938	-0.0376871	
689	939	-0.0361735	
690	940	-0.0341183	
691	941	-0.0337077	
692	942	-0.0326827	
693	943	-0.0327531	
694	944	-0.033334	
695	945	-0.0333768	
696	946	-0.0336727	
697	947	-0.0339553	
698	948	-0.0345432	
699	949	-0.0343849	
700	950	-0.0344679	
701	951	-0.0342664	
702	952	-0.0357248	
703	953	-0.0371639	
704	954	-0.0397407	
705	955	-0.0430936	
706	956	-0.0477399	
707	957	-0.0534521	
708	958	-0.059364	
709	959	-0.0654091	
710	960	-0.0709087	
711	961	-0.0754507	
712	962	-0.0801638	
713	963	-0.0841777	
714	964	-0.0835038	
715	965	-0.0828781	
716	966	-0.0843144	
717	967	-0.0800737	
718	968	-0.0780629	
719	969	-0.0741804	
720	970	-0.070454	
721	971	-0.067475	
722	972	-0.0630003	
723	973	-0.0612052	
724	974	-0.0550143	
725	975	-0.0484886	
726	976	-0.0398348	
727	977	-0.0348115	
728	978	-0.0301499	
729	979	-0.0271992	
730	980	-0.0258048	
731	981	-0.0260257	
732	982	-0.0277823	
733	983	-0.0326416	
734	984	-0.0395684	
735	985	-0.0479408	
736	986	-0.0589305	
737	987	-0.0597907	
738	988	-0.0545962	
739	989	-0.047391	
740	990	-0.0413327	
741	991	-0.0364251	
742	992	-0.0332263	
743	993	-0.0319039	
744	994	-0.0324766	
745	995	-0.0347786	
746	996	-0.0388127	
747	997	-0.0478893	
748	998	-0.0584617	
749	999	-0.075235	
750	1000	-0.0901935	
